72115619141681710920243245221812513111223
91214811512361622241925742313101815172120
21842524239152122131481217311201661957110
22202317131124181912651071212515814293416
10116531325420711181523211992171214824622
0000012201108000001614962200000
000004311720000081521192400000
000001523252418000001011711400000
0000065171390000012218202300000
00000192122141600000133572500000
00000201413619000002271041700000
0000022723524000001861221500000
0000025159410000020241651100000
0000016171023000002521149800000
00000211812811000002319131300000
0000024125181400000923311600000
0000091332320000006177122100000
000001710711150000051325141900000
0000012212240000011824101800000
0000086191625000002224152000000
000002221615130000017101124500000
0000038241217000001181923900000
0000010469230000014201322700000
000007112025500000412821200000
00000181914121000001516625300000